91177
12985
25150
14397
288653
217471
68212
54386
177172
87433
314086
315812
123630
302247
333259
25323
221730
244143
319911
241705
165401
243769
307202
52478
24825
277126
45592
183796
86545
348629
170541
38941
245936
311604
302369
291341
242151
289658
310418
105434
307140
2078
334187
329834
8402
180413
207935
334240
212702
208383
52176
357810
183790
341456
207916
311262
187097
126831
212017
243307
16220
383719
107193
142745
292298
177486
211334
192716
285387
233632
354625
335634
305991
281075
337625
353700
301674
65358
97972
223714
266750
351764
105694
115162
90822
19682
353035
55364
138672
12554
3525
319788
245012
108137
49781
177574
384072
309384
248603
251150
362714
167248
154559
57500
142602
190006
261596
345265
132813
373947
165753
114624
259912
74558
74321
109807
311702
339774
11011
289238
157386
69165
192425
190270
302031
122591
195955
273894
314350
333064
25706
307414
170222
284507
49469
75497
117727
242558
129495
341506
115274
225108
329869
346138
30643
6449
297177
137197
16174
37133
198994
26935
170645
149371
128469
202995
287628
253868
282116
93787
123457
107825
309672
212753
175099
127365
2242
385556
326792
231280
315546
82113
70949
309748
30292
362643
234609
28632
365793
359476
261901
147248
50740
51070
362652
37271
262242
39401
134909
86689
168430
84395
290375
357202
229348
79814
62467
48333
191533
222088
154151
374516
287657
134402
47391
40311
295919
188333
49724
232040
130077
235657
10208
172688
105213
164696
327563
7612
195624
103524
207108
243516
311363
291569
206288
359613
340072
186927
315425
171320
207699
841
233124
76417
139086
239018
73317
309958
205995
186701
139370
320522
292369
186533
98159
83123
123769
6982
236511
280827
55106
335200
225153
142493
350908
237680
214742
211200
116185
84387
212675
238410
305383
188549
50871
378274
359201
121733
115101
196700
101204
314114
307268
305541
250930
225221
215861
68729
90106
293778
305444
138010
136139
150684
142382
256263
212852
330392
296742
364125
282298
251010
72314
54368
351241
170306
39842
27676
282103
196619
349536
136611
119433
301690
138136
106583
251101
48688
228613
305804
157648
516
322168
273887
363559
208780
183682
362235
205438
203463
6146
384037
285257
261783
8661
328524
173680
379742
270288
239262
16989
344876
295651
289099
151596
220273
245704
196087
374972
341964
252531
102034
332771
180961
150116
322987
60252
41786
120857
19159
353640
343207
147298
236978
155424
126648
191499
125707
82581
374902
305496
302569
40539
339094
287391
346955
343182
189538
128247
243846
283134
283244
233793
257947
351817
20801
161257
239676
197733
219791
148050
38470
187655
76064
354487
311933
36589
364051
322253
238581
197153
118874
99425
49770
343061
78642
307628
74115
3018
343755
216535
14903
281102
111771
312416
142093
69259
349271
300918
172483
331326
220520
183720
174070
129519
16381
247046
7780
4947
374326
218342
183998
24236
360102
305244
326432
302439
297989
231139
145952
4604
179479
248176
78503
220731
189050
268340
219169
161507
48315
132347
13187
349184
251757
76143
168417
148941
272664
265420
168787
129142
75998
321930
97877
43152
376874
340856
305213
229729
382217
321802
115589
112304
368737
345871
340310
296099
288347
222416
208130
208033
157562
1424
166650
135204
126327
74238
218440
91773
174148
62960
95103
224988
256130
235145
182021
153273
120304
51296
303749
256499
247288
57565
322843
280035
253545
247570
208289
138837
381791
